TYPE = NURBS

GLOBAL_S = [ 0.000000000000000e+00    0.000000000000000e+00    0.000000000000000e+00    1.000000000000000e+00    1.000000000000000e+00    1.000000000000000e+00 ]
GLOBAL_T = [ 0.000000000000000e+00    0.000000000000000e+00    2.500000000000000e-01    5.000000000000000e-01    7.500000000000000e-01    1.000000000000000e+00    1.000000000000000e+00 ]
GLOBAL_U = [ 0.000000000000000e+00    0.000000000000000e+00    3.333333333333333e-01    6.666666666666666e-01    1.000000000000000e+00    1.000000000000000e+00 ]

DEGREE_S = 2
DEGREE_T = 1
DEGREE_U = 1

NUM_CP = 60
    4.755282581475768e-01    -1.545084971874739e-01    -1.000000000000000e-01     1.000000000000000e+00
    4.426864632366050e-01    -2.555851487162575e-01    -1.000000000000000e-01     9.781476007338057e-01
    3.715724127386970e-01    -3.345653031794293e-01    -1.000000000000000e-01     1.000000000000000e+00
    9.041620709759566e-01    -4.175560553433003e-01    -1.750000000000000e-01     1.000000000000000e+00
    8.732807247927278e-01    -5.041888615371934e-01    -1.750000000000000e-01     9.836107005503543e-01
    8.136951869192968e-01    -5.742492949318778e-01    -1.750000000000000e-01     1.000000000000000e+00
    1.332795883804337e+00    -6.806036134991266e-01    -2.500000000000000e-01     1.000000000000000e+00
    1.303874986348851e+00    -7.527925743581293e-01    -2.500000000000000e-01     9.890738003669028e-01
    1.255817961099897e+00    -8.139332866843262e-01    -2.500000000000000e-01     1.000000000000000e+00
    1.761429696632716e+00    -9.436511716549528e-01    -3.250000000000001e-01     1.000000000000000e+00
    1.734469247904973e+00    -1.001396287179065e+00    -3.250000000000001e-01     9.945369001834514e-01
    1.697940735280496e+00    -1.053617278436775e+00    -3.250000000000001e-01     1.000000000000000e+00
    2.190063509461096e+00    -1.206698729810779e+00    -4.000000000000000e-01     1.000000000000000e+00
    2.165063509461096e+00    -1.250000000000001e+00    -4.000000000000000e-01     1.000000000000000e+00
    2.140063509461096e+00    -1.293301270189223e+00    -4.000000000000000e-01     1.000000000000000e+00
    4.755282581475768e-01    -1.545084971874739e-01    -3.333333333333334e-02     1.000000000000000e+00
    4.426864632366050e-01    -2.555851487162575e-01    -3.333333333333334e-02     9.781476007338057e-01
    3.715724127386970e-01    -3.345653031794293e-01    -3.333333333333334e-02     1.000000000000000e+00
    8.986120709759566e-01    -4.271689373253075e-01    -5.833333333333335e-02     1.000000000000000e+00
    8.673807247927278e-01    -5.144079613018498e-01    -5.833333333333335e-02     9.836107005503543e-01
    8.074451869192968e-01    -5.850746124791832e-01    -5.833333333333335e-02     1.000000000000000e+00
    1.321695883804337e+00    -6.998293774631411e-01    -8.333333333333334e-02     1.000000000000000e+00
    1.292074986348851e+00    -7.732307738874420e-01    -8.333333333333334e-02     9.890738003669028e-01
    1.243317961099897e+00    -8.355839217789371e-01    -8.333333333333334e-02     1.000000000000000e+00
    1.744779696632716e+00    -9.724898176009746e-01    -1.083333333333334e-01     1.000000000000000e+00
    1.716769247904973e+00    -1.032053586473034e+00    -1.083333333333334e-01     9.945369001834514e-01
    1.679190735280496e+00    -1.086093231078691e+00    -1.083333333333334e-01     1.000000000000000e+00
    2.167863509461097e+00    -1.245150257738808e+00    -1.333333333333334e-01     1.000000000000000e+00
    2.141463509461096e+00    -1.290876399058627e+00    -1.333333333333334e-01     1.000000000000000e+00
    2.115063509461097e+00    -1.336602540378445e+00    -1.333333333333334e-01     1.000000000000000e+00
    4.755282581475768e-01    -1.545084971874739e-01     3.333333333333333e-02     1.000000000000000e+00
    4.426864632366050e-01    -2.555851487162575e-01     3.333333333333333e-02     9.781476007338057e-01
    3.715724127386970e-01    -3.345653031794293e-01     3.333333333333333e-02     1.000000000000000e+00
    9.152745709759567e-01    -3.983086407441911e-01     5.833333333333334e-02     1.000000000000000e+00
    8.850869747927278e-01    -4.837398366903334e-01     5.833333333333334e-02     9.836107005503543e-01
    8.261951869192967e-01    -5.525986598372669e-01     5.833333333333334e-02     1.000000000000000e+00
    1.355020883804337e+00    -6.421087843009082e-01     8.333333333333334e-02     1.000000000000000e+00
    1.327487486348851e+00    -7.118945246644092e-01     8.333333333333334e-02     9.890738003669028e-01
    1.280817961099897e+00    -7.706320164951043e-01     8.333333333333334e-02     1.000000000000000e+00
    1.794767196632716e+00    -8.859089278576254e-01     1.083333333333334e-01     1.000000000000000e+00
    1.769887997904973e+00    -9.400492126384850e-01     1.083333333333334e-01     9.945369001834514e-01
    1.735440735280496e+00    -9.886653731529417e-01     1.083333333333334e-01     1.000000000000000e+00
    2.234513509461097e+00    -1.129709071414343e+00     1.333333333333334e-01     1.000000000000000e+00
    2.212288509461096e+00    -1.168203900612561e+00     1.333333333333334e-01     1.000000000000000e+00
    2.190063509461096e+00    -1.206698729810779e+00     1.333333333333334e-01     1.000000000000000e+00
    4.755282581475768e-01    -1.545084971874739e-01     1.000000000000000e-01     1.000000000000000e+00
    4.426864632366050e-01    -2.555851487162575e-01     1.000000000000000e-01     9.781476007338057e-01
    3.715724127386970e-01    -3.345653031794293e-01     1.000000000000000e-01     1.000000000000000e+00
    9.541620709759566e-01    -3.309535149648564e-01     1.750000000000000e-01     1.000000000000000e+00
    9.264057247927279e-01    -4.121736623850968e-01     1.750000000000000e-01     9.836107005503543e-01
    8.699451869192968e-01    -4.768214370061284e-01     1.750000000000000e-01     1.000000000000000e+00
    1.432795883804337e+00    -5.073985327422388e-01     2.500000000000000e-01     1.000000000000000e+00
    1.410124986348851e+00    -5.687621760539361e-01     2.500000000000000e-01     9.890738003669028e-01
    1.368317961099897e+00    -6.190775708328276e-01     2.500000000000000e-01     1.000000000000000e+00
    1.911429696632716e+00    -6.838435505196212e-01     3.250000000000001e-01     1.000000000000000e+00
    1.893844247904974e+00    -7.253506897227753e-01     3.250000000000001e-01     9.945369001834514e-01
    1.866690735280496e+00    -7.613337046595265e-01     3.250000000000001e-01     1.000000000000000e+00
    2.390063509461096e+00    -8.602885682970038e-01     4.000000000000000e-01     1.000000000000000e+00
    2.377563509461097e+00    -8.819392033916147e-01     4.000000000000000e-01     1.000000000000000e+00
    2.365063509461097e+00    -9.035898384862258e-01     4.000000000000000e-01     1.000000000000000e+00
