TYPE = NURBS

GLOBAL_S = [ 0.000000000000000e+00    0.000000000000000e+00    0.000000000000000e+00    1.000000000000000e+00    1.000000000000000e+00    1.000000000000000e+00 ]
GLOBAL_T = [ 0.000000000000000e+00    0.000000000000000e+00    2.500000000000000e-01    5.000000000000000e-01    7.500000000000000e-01    1.000000000000000e+00    1.000000000000000e+00 ]
GLOBAL_U = [ 0.000000000000000e+00    0.000000000000000e+00    3.333333333333333e-01    6.666666666666666e-01    1.000000000000000e+00    1.000000000000000e+00 ]

DEGREE_S = 2
DEGREE_T = 1
DEGREE_U = 1

NUM_CP = 60
   -3.715724127386971e-01    -3.345653031794290e-01    -1.000000000000000e-01     1.000000000000000e+00
   -4.426864632366051e-01    -2.555851487162572e-01    -1.000000000000000e-01     9.781476007338057e-01
   -4.755282581475768e-01    -1.545084971874736e-01    -1.000000000000000e-01     1.000000000000000e+00
   -8.136951869192970e-01    -5.742492949318772e-01    -1.750000000000000e-01     1.000000000000000e+00
   -8.732807247927280e-01    -5.041888615371928e-01    -1.750000000000000e-01     9.836107005503543e-01
   -9.041620709759568e-01    -4.175560553432995e-01    -1.750000000000000e-01     1.000000000000000e+00
   -1.255817961099897e+00    -8.139332866843252e-01    -2.500000000000000e-01     1.000000000000000e+00
   -1.303874986348851e+00    -7.527925743581283e-01    -2.500000000000000e-01     9.890738003669028e-01
   -1.332795883804337e+00    -6.806036134991256e-01    -2.500000000000000e-01     1.000000000000000e+00
   -1.697940735280497e+00    -1.053617278436773e+00    -3.250000000000001e-01     1.000000000000000e+00
   -1.734469247904974e+00    -1.001396287179064e+00    -3.250000000000001e-01     9.945369001834514e-01
   -1.761429696632717e+00    -9.436511716549515e-01    -3.250000000000001e-01     1.000000000000000e+00
   -2.140063509461097e+00    -1.293301270189221e+00    -4.000000000000000e-01     1.000000000000000e+00
   -2.165063509461097e+00    -1.250000000000000e+00    -4.000000000000000e-01     1.000000000000000e+00
   -2.190063509461097e+00    -1.206698729810778e+00    -4.000000000000000e-01     1.000000000000000e+00
   -3.715724127386971e-01    -3.345653031794290e-01    -3.333333333333334e-02     1.000000000000000e+00
   -4.426864632366051e-01    -2.555851487162572e-01    -3.333333333333334e-02     9.781476007338057e-01
   -4.755282581475768e-01    -1.545084971874736e-01    -3.333333333333334e-02     1.000000000000000e+00
   -8.192451869192970e-01    -5.646364129498699e-01    -5.833333333333335e-02     1.000000000000000e+00
   -8.791807247927280e-01    -4.939697617725364e-01    -5.833333333333335e-02     9.836107005503543e-01
   -9.104120709759568e-01    -4.067307377959941e-01    -5.833333333333335e-02     1.000000000000000e+00
   -1.266917961099897e+00    -7.947075227203106e-01    -8.333333333333334e-02     1.000000000000000e+00
   -1.315674986348851e+00    -7.323543748288155e-01    -8.333333333333334e-02     9.890738003669028e-01
   -1.345295883804337e+00    -6.589529784045146e-01    -8.333333333333334e-02     1.000000000000000e+00
   -1.714590735280497e+00    -1.024778632490752e+00    -1.083333333333334e-01     1.000000000000000e+00
   -1.752169247904974e+00    -9.707389878850947e-01    -1.083333333333334e-01     9.945369001834514e-01
   -1.780179696632717e+00    -9.111752190130351e-01    -1.083333333333334e-01     1.000000000000000e+00
   -2.162263509461097e+00    -1.254849742261192e+00    -1.333333333333334e-01     1.000000000000000e+00
   -2.188663509461097e+00    -1.209123600941374e+00    -1.333333333333334e-01     1.000000000000000e+00
   -2.215063509461097e+00    -1.163397459621556e+00    -1.333333333333334e-01     1.000000000000000e+00
   -3.715724127386971e-01    -3.345653031794290e-01     3.333333333333333e-02     1.000000000000000e+00
   -4.426864632366051e-01    -2.555851487162572e-01     3.333333333333333e-02     9.781476007338057e-01
   -4.755282581475768e-01    -1.545084971874736e-01     3.333333333333333e-02     1.000000000000000e+00
   -8.025826869192970e-01    -5.934967095309863e-01     5.833333333333334e-02     1.000000000000000e+00
   -8.614744747927280e-01    -5.246378863840528e-01     5.833333333333334e-02     9.836107005503543e-01
   -8.916620709759567e-01    -4.392066904379106e-01     5.833333333333334e-02     1.000000000000000e+00
   -1.233592961099897e+00    -8.524281158825435e-01     8.333333333333334e-02     1.000000000000000e+00
   -1.280262486348851e+00    -7.936906240518484e-01     8.333333333333334e-02     9.890738003669028e-01
   -1.307795883804337e+00    -7.239048836883475e-01     8.333333333333334e-02     1.000000000000000e+00
   -1.664603235280497e+00    -1.111359522234101e+00     1.083333333333334e-01     1.000000000000000e+00
   -1.699050497904974e+00    -1.062743361719644e+00     1.083333333333334e-01     9.945369001834514e-01
   -1.723929696632717e+00    -1.008603076938784e+00     1.083333333333334e-01     1.000000000000000e+00
   -2.095613509461097e+00    -1.370290928585658e+00     1.333333333333334e-01     1.000000000000000e+00
   -2.117838509461097e+00    -1.331796099387440e+00     1.333333333333334e-01     1.000000000000000e+00
   -2.140063509461097e+00    -1.293301270189221e+00     1.333333333333334e-01     1.000000000000000e+00
   -3.715724127386971e-01    -3.345653031794290e-01     1.000000000000000e-01     1.000000000000000e+00
   -4.426864632366051e-01    -2.555851487162572e-01     1.000000000000000e-01     9.781476007338057e-01
   -4.755282581475768e-01    -1.545084971874736e-01     1.000000000000000e-01     1.000000000000000e+00
   -7.636951869192971e-01    -6.608518353103210e-01     1.750000000000000e-01     1.000000000000000e+00
   -8.201557247927280e-01    -5.962040606892894e-01     1.750000000000000e-01     9.836107005503543e-01
   -8.479120709759568e-01    -5.149839132690489e-01     1.750000000000000e-01     1.000000000000000e+00
   -1.155817961099897e+00    -9.871383674412130e-01     2.500000000000000e-01     1.000000000000000e+00
   -1.197624986348851e+00    -9.368229726623215e-01     2.500000000000000e-01     9.890738003669028e-01
   -1.220295883804337e+00    -8.754593293506243e-01     2.500000000000000e-01     1.000000000000000e+00
   -1.547940735280497e+00    -1.313424899572105e+00     3.250000000000001e-01     1.000000000000000e+00
   -1.575094247904974e+00    -1.277441884635354e+00     3.250000000000001e-01     9.945369001834514e-01
   -1.592679696632717e+00    -1.235934745432200e+00     3.250000000000001e-01     1.000000000000000e+00
   -1.940063509461097e+00    -1.639711431702997e+00     4.000000000000000e-01     1.000000000000000e+00
   -1.952563509461097e+00    -1.618060796608386e+00     4.000000000000000e-01     1.000000000000000e+00
   -1.965063509461097e+00    -1.596410161513775e+00     4.000000000000000e-01     1.000000000000000e+00
