TYPE = NURBS

GLOBAL_S = [ 0.000000000000000e+00    0.000000000000000e+00    0.000000000000000e+00    1.000000000000000e+00    1.000000000000000e+00    1.000000000000000e+00 ]
GLOBAL_T = [ 0.000000000000000e+00    0.000000000000000e+00    2.500000000000000e-01    5.000000000000000e-01    7.500000000000000e-01    1.000000000000000e+00    1.000000000000000e+00 ]
GLOBAL_U = [ 0.000000000000000e+00    0.000000000000000e+00    3.333333333333333e-01    6.666666666666666e-01    1.000000000000000e+00    1.000000000000000e+00 ]

DEGREE_S = 2
DEGREE_T = 1
DEGREE_U = 1

NUM_CP = 60
   -1.039558454088797e-01     4.890738003669028e-01    -1.000000000000000e-01     1.000000000000000e+00
    0.000000000000000e+00     5.111702974325146e-01    -1.000000000000000e-01     9.781476007338057e-01
    1.039558454088797e-01     4.890738003669028e-01    -1.000000000000000e-01     1.000000000000000e+00
   -9.046688405665977e-02     9.918053502751771e-01    -1.750000000000000e-01     1.000000000000000e+00
    0.000000000000000e+00     1.008377723074386e+00    -1.750000000000000e-01     9.836107005503543e-01
    9.046688405665977e-02     9.918053502751771e-01    -1.750000000000000e-01     1.000000000000000e+00
   -7.697792270443984e-02     1.494536900183451e+00    -2.500000000000000e-01     1.000000000000000e+00
    0.000000000000000e+00     1.505585148716257e+00    -2.500000000000000e-01     9.890738003669028e-01
    7.697792270443984e-02     1.494536900183451e+00    -2.500000000000000e-01     1.000000000000000e+00
   -6.348896135221993e-02     1.997268450091726e+00    -3.250000000000001e-01     1.000000000000000e+00
    0.000000000000000e+00     2.002792574358129e+00    -3.250000000000001e-01     9.945369001834514e-01
    6.348896135221993e-02     1.997268450091726e+00    -3.250000000000001e-01     1.000000000000000e+00
   -5.000000000000000e-02     2.500000000000000e+00    -4.000000000000000e-01     1.000000000000000e+00
    0.000000000000000e+00     2.500000000000000e+00    -4.000000000000000e-01     1.000000000000000e+00
    5.000000000000000e-02     2.500000000000000e+00    -4.000000000000000e-01     1.000000000000000e+00
   -1.039558454088797e-01     4.890738003669028e-01    -3.333333333333334e-02     1.000000000000000e+00
    0.000000000000000e+00     5.111702974325146e-01    -3.333333333333334e-02     9.781476007338057e-01
    1.039558454088797e-01     4.890738003669028e-01    -3.333333333333334e-02     1.000000000000000e+00
   -7.936688405665977e-02     9.918053502751771e-01    -5.833333333333335e-02     1.000000000000000e+00
    1.180000000000000e-02     1.008377723074386e+00    -5.833333333333335e-02     9.836107005503543e-01
    1.029668840566598e-01     9.918053502751771e-01    -5.833333333333335e-02     1.000000000000000e+00
   -5.477792270443985e-02     1.494536900183451e+00    -8.333333333333334e-02     1.000000000000000e+00
    2.360000000000000e-02     1.505585148716257e+00    -8.333333333333334e-02     9.890738003669028e-01
    1.019779227044399e-01     1.494536900183451e+00    -8.333333333333334e-02     1.000000000000000e+00
   -3.018896135221992e-02     1.997268450091726e+00    -1.083333333333334e-01     1.000000000000000e+00
    3.540000000000000e-02     2.002792574358129e+00    -1.083333333333334e-01     9.945369001834514e-01
    1.009889613522199e-01     1.997268450091726e+00    -1.083333333333334e-01     1.000000000000000e+00
   -5.600000000000000e-03     2.500000000000000e+00    -1.333333333333334e-01     1.000000000000000e+00
    4.720000000000001e-02     2.500000000000000e+00    -1.333333333333334e-01     1.000000000000000e+00
    1.000000000000000e-01     2.500000000000000e+00    -1.333333333333334e-01     1.000000000000000e+00
   -1.039558454088797e-01     4.890738003669028e-01     3.333333333333333e-02     1.000000000000000e+00
    0.000000000000000e+00     5.111702974325146e-01     3.333333333333333e-02     9.781476007338057e-01
    1.039558454088797e-01     4.890738003669028e-01     3.333333333333333e-02     1.000000000000000e+00
   -1.126918840566598e-01     9.918053502751771e-01     5.833333333333334e-02     1.000000000000000e+00
   -2.361250000000000e-02     1.008377723074386e+00     5.833333333333334e-02     9.836107005503543e-01
    6.546688405665978e-02     9.918053502751771e-01     5.833333333333334e-02     1.000000000000000e+00
   -1.214279227044398e-01     1.494536900183451e+00     8.333333333333334e-02     1.000000000000000e+00
   -4.722500000000000e-02     1.505585148716257e+00     8.333333333333334e-02     9.890738003669028e-01
    2.697792270443985e-02     1.494536900183451e+00     8.333333333333334e-02     1.000000000000000e+00
   -1.301639613522199e-01     1.997268450091726e+00     1.083333333333334e-01     1.000000000000000e+00
   -7.083750000000000e-02     2.002792574358129e+00     1.083333333333334e-01     9.945369001834514e-01
   -1.151103864778008e-02     1.997268450091726e+00     1.083333333333334e-01     1.000000000000000e+00
   -1.389000000000000e-01     2.500000000000000e+00     1.333333333333334e-01     1.000000000000000e+00
   -9.445000000000001e-02     2.500000000000000e+00     1.333333333333334e-01     1.000000000000000e+00
   -5.000000000000000e-02     2.500000000000000e+00     1.333333333333334e-01     1.000000000000000e+00
   -1.039558454088797e-01     4.890738003669028e-01     1.000000000000000e-01     1.000000000000000e+00
    0.000000000000000e+00     5.111702974325146e-01     1.000000000000000e-01     9.781476007338057e-01
    1.039558454088797e-01     4.890738003669028e-01     1.000000000000000e-01     1.000000000000000e+00
   -1.904668840566598e-01     9.918053502751771e-01     1.750000000000000e-01     1.000000000000000e+00
   -1.062500000000000e-01     1.008377723074386e+00     1.750000000000000e-01     9.836107005503543e-01
   -2.203311594334023e-02     9.918053502751771e-01     1.750000000000000e-01     1.000000000000000e+00
   -2.769779227044399e-01     1.494536900183451e+00     2.500000000000000e-01     1.000000000000000e+00
   -2.125000000000000e-01     1.505585148716257e+00     2.500000000000000e-01     9.890738003669028e-01
   -1.480220772955602e-01     1.494536900183451e+00     2.500000000000000e-01     1.000000000000000e+00
   -3.634889613522200e-01     1.997268450091726e+00     3.250000000000001e-01     1.000000000000000e+00
   -3.187500000000000e-01     2.002792574358129e+00     3.250000000000001e-01     9.945369001834514e-01
   -2.740110386477801e-01     1.997268450091726e+00     3.250000000000001e-01     1.000000000000000e+00
   -4.500000000000000e-01     2.500000000000000e+00     4.000000000000000e-01     1.000000000000000e+00
   -4.250000000000000e-01     2.500000000000000e+00     4.000000000000000e-01     1.000000000000000e+00
   -4.000000000000000e-01     2.500000000000000e+00     4.000000000000000e-01     1.000000000000000e+00
